 2467
 2180
   10
 6516
 7734
 4228
 9200
 3085
 8037
 8227
 2430
 8114
 6882
 7912
 2718
  743
  333
 2036
 8665
 8788
 7099
 6993
 8830
 2928
 7216
 5570
 4927
 3128
 8509
 4998
 8238
 8953
 7303
 9281
 5833
 9883
 8311
 2097
 6133
 1067
  563
 4691
 5013
 6292
 1902
 2390
 3231
 7365
 6518
 9182
 6146
 4521
  717
 4105
 4739
 4452
 5056
  421
 1920
 8932
 1371
 3124
 4155
 2146
 4973
 3552
 3710
 4378
 9198
 1102
 2859
 9668
 1531
 2365
 5068
   41
 6995
 9082
 9090
 8781
 2822
 1309
 9145
  388
  317
 9780
 8101
 2491
 7060
 1266
  242
 6696
  453
 9036
 3778
 2230
  314
 1582
 5791
  727
 1494
 8601
 6328
 3388
   97
 7162
 5900
 7890
 7052
  518
 9158
 8700
 8088
 9391
 8693
 6261
 6207
 4786
  682
 9051
 4562
 3771
 7937
 4242
 3892
 4369
 6209
 2016
 4025
 6535
 8357
 5575
  995
 3548
 5560
 9178
  892
 4280
 8924
 7933
 4716
  860
 5893
 8235
 4116
 7255
 5945
 7886
 6826
  202
 2570
  948
 6624
  196
  773
 4746
 7108
 6290
 8085
 5783
 4024
 2457
 1325
 8770
  845
 8201
  850
 5100
 8572
  897
 4701
 2143
 1307
  364
 8323
 9425
 1974
 4548
 9199
 3777
  439
 8274
 5132
 6926
 1935
 6594
 7156
 9040
 8838
 1000
 5722
  281
  712
 4814
 7202
 1229
 3818
 3272
 9551
  370
 2371
 9600
 5117
 2266
 2958
 7176
 5073
 7375
 1912
 3472
 4135
 3872
 4265
 6318
 4671
 7740
 6051
 4651
 6767
 2745
 6715
 4756
 7453
 1316
 6589
 1204
 8446
 3414
 5670
 1807
 3903
 4938
 2406
 3379
 2114
 7477
 9714
 6972
 4354
 2135
 1886
 8242
  536
 3888
 7004
 1583
 9585
 9161
 4699
 6383
 9616
 2815
 5647
 7429
 4140
 7139
 9732
 5554
 1622
 4188
 6114
 1013
 4063
 8733
 6810
 3329
 6886
 8968
 1200
 3397
 3317
 4002
 1576
 4199
 3181
 2251
  272
 4005
 2882
 7565
 3632
 9915
 5332
 2222
 8967
 2650
 3573
 2404
 1604
 6989
 4326
 4313
  390
 5929
 8087
  354
 2139
 3713
 8348
 4936
 9374
 9975
 2367
 5595
 6213
  521
  100
 6818
  531
 7265
 8390
 3677
 5941
   60
 1339
 1489
 1473
 4528
 4445
 3328
 1150
 4420
 9216
 5231
  786
 7396
 2429
 9628
 2870
 7542
 7557
 8160
   93
 8148
 7412
 2837
 5509
 8851
 9438
  880
 1832
  211
  878
  139
 4482
 8559
 7868
 2889
 2330
 5822
 1749
 8821
 9458
 6857
 5809
 8334
   70
  363
 3054
 9798
 3802
 5343
 9935
 6758
 2953
 4906
 8885
  553
 3796
 9662
 3385
 6736
 5016
 7295
 1634
 5594
  980
  959
 3506
 8471
 5025
 9102
 1747
 7480
 6300
 8819
 8820
 7598
  914
 3360
 1690
 7512
 9025
 1681
 1269
 4115
 1319
  591
 5113
 4196
 2512
 2351
 9167
 9220
 4484
 8002
 7828
  566
 1403
 8531
 1816
 3226
 4904
 3624
 6106
 2850
 1529
 7110
 9785
 9593
 8958
 5451
 7766
 6819
 3217
 1543
  640
 9486
 1244
 5233
 1717
 3243
 2886
 1043
 8043
 1341
 6130
 4888
 4921
 5309
 9055
 5203
 8864
   53
 2724
 4088
 5331
 5211
 5609
 7192
 5022
 1591
 8538
 2757
 9839
 2862
  653
 1477
 7158
  140
 4970
 1290
 8609
 8914
 1687
 9913
 8396
 4121
 9351
 3811
  855
 3189
 7012
 6036
 4422
 5861
 3019
 7832
 9245
 5206
 6288
 7756
 7219
 4382
 4868
 6658
 7372
  102
 9454
 2785
 9249
 5546
 5503
 2840
 1177
 6391
 7400
 7394
 2854
 1124
 4661
 9009
 6040
 9404
 9844
 7328
 2644
 6254
 6190
 3553
 7471
 8411
 3663
 9340
 2580
 3792
 8362
 2660
 4480
 9312
 8628
 4535
 9655
 4408
 6154
 1600
 8418
 2111
 5222
 9363
 8083
 1908
 9257
 7361
 4838
 2481
 5467
 9278
 9663
 4321
 5587
 8441
 7504
 8913
 7221
 1547
 7575
 1247
 7867
 7157
 4806
 7094
  841
 6424
 7408
 5983
 2937
 4619
 3137
  676
 2399
 7517
 5077
 1108
 4940
 6351
 1539
 6545
  738
 9673
 5090
 6243
 8204
 4092
  550
 9778
  877
 2813
  973
 6947
 6445
 5586
 2673
 8336
 8186
  234
 7425
 7765
 5330
  257
 7532
 1209
 4574
 4154
 8139
 5951
 4317
  703
 5026
 8780
 3483
 9985
 9948
 5658
 3673
 4836
 4305
 5337
 3730
 4261
 4801
 3980
 2929
 2317
 6590
 3614
 2910
 6668
 4907
  440
 5180
 7546
 8290
 6785
 2601
 7611
 1751
  542
 7528
 2064
 6687
 5482
 8793
 8117
  958
 1870
 5672
 1445
 6566
 8294
 8240
 8365
 2100
 8881
 4733
 5035
 9173
 6271
 2828
 3408
 5674
 1977
 5171
 8986
 7795
 1727
 9923
 5041
 9037
 9139
 9061
  862
 8068
 4282
 5456
 7799
 5006
 8996
 8882
 2389
 8620
  742
 9602
 8755
 6843
 6232
 7761
 2990
  327
 8349
 9354
 2185
  441
 3103
 9757
 4639
 3182
  641
 7663
 3270
 3935
 8033
 7802
 1866
 8373
 6648
 3866
 7767
 9864
  135
 4494
 4818
 9417
 8887
 7835
 9870
  554
 2444
 9225
 4793
 6192
 9049
 5650
 2672
 1139
 5828
 8353
 8084
 4423
 4761
  182
 4083
 3141
  201
 2474
 2015
 7736
 2933
 9808
 9514
 3044
 5576
 3242
 5159
 8800
 3021
 9494
 2804
 8934
 7263
  189
 8616
  957
 2903
 2293
  334
 6264
 7553
 2255
 8630
 4281
 9699
 9464
 2801
 2353
 9056
  764
 7318
 3809
 2679
 1551
 5407
 1306
 5486
 6612
 1688
 6276
  247
 7022
 3050
 2940
  126
 6316
 9705
 9434
 2591
  783
 7521
 3597
 3765
 5836
 5990
 1654
 3033
 4284
 1305
 9410
 9786
 2504
 4912
  720
 1640
 3440
 6258
 7088
 4524
 1509
 1768
 7689
 3717
 9933
 2647
 9927
 7817
 9075
 8975
 3782
 8431
  482
 5645
 9772
 9803
 6498
 5336
 2787
 4531
 5585
 1557
 1118
 9827
 4751
 1187
 9160
   95
 5007
 1172
 9644
 4364
 7687
 4594
 1284
 6303
 1407
 5763
 8550
 6216
 9796
 3535
 4444
 3084
 4662
 8598
 8304
 9970
 3596
 1755
  822
 9321
 4486
 5922
 9058
 1954
   73
 7411
 2061
 9473
 3586
 2790
 5217
 1931
 4657
 4003
 3831
 3002
 2161
 5085
 9380
 6400
 7697
 3334
 8426
 6570
 2277
 3153
 3530
 9409
 4134
  925
  802
  902
 4128
 5804
 6674
 6738
 7822
 3566
 3884
 3213
 1404
 8063
 5299
 5785
 9169
 2966
 1147
 6657
  384
 8764
 1714
 4520
 2162
 6072
 9855
 2576
 6387
 1569
 4964
 7123
 2545
 8850
 7974
 3366
 3403
 6182
 7494
 7975
 5284
 6700
 2446
 8825
 7240
 1754
 7560
 1196
 2758
  362
 2315
  866
 2925
 3183
 2415
 3452
 9910
 3374
 5253
 4546
 6957
 6012
 3195
 8415
 5641
 4045
 9597
 7475
 7616
 2479
 4407
 1998
   27
 9967
 4668
 1985
 7630
 3556
 1377
 6824
 3885
 6756
 2018
  670
 8464
 7790
 3969
  507
 4419
 9624
 7174
  131
 3293
 2235
 7594
 2887
 8061
 1463
 2573
 6701
 3700
 6319
 9524
 2557
 4000
 7617
 9124
 7418
 5964
 9086
 3826
 4417
  224
 2120
 2906
 4173
  686
 5220
 9558
  753
 2184
 2311
 5151
 1825
 9896
 8867
 5375
 1685
 6033
 6789
 4890
 6961
  275
 6344
 1476
  535
  812
 7215
 1338
 1462
   83
 6781
 3036
 5580
 2098
 6576
   76
 1062
 4637
 6930
 6817
  571
 3815
 5994
 8872
 3634
 1152
 7554
 2089
 6298
 2980
 3358
 4721
 4666
 8029
 4861
  451
 2550
 6122
 7721
 7239
 1899
 4948
 7627
 4186
 8363
 6028
 2086
 2970
 9060
 3646
 1625
 2314
 8022
 1257
 5110
 2434
 2232
 7272
  230
 9857
 9398
 9756
   39
 4061
 4120
 9459
 4808
 3779
 5907
  605
 7510
  533
 6457
 8916
 2027
 3539
 3936
 3185
 5402
  239
 8694
 1510
 8150
    7
 6510
  183
 6324
  471
 3099
 8352
 5427
 1733
 1667
  709
 2922
 2392
  545
 3176
 3422
 3859
 4692
 7342
 7810
 6306
 4322
 6082
 7015
 6447
 7271
 4214
 4185
 7879
 9924
 9797
  898
 2909
 9174
 9255
 3244
  505
 7106
 8050
 1516
 1737
 9347
 4852
 4346
 2967
 3806
 4013
 3657
 7874
 5607
 1663
    1
 4428
 9325
 7378
 2767
 5297
 6198
 8071
 8558
  719
 5265
 5009
 2022
 4536
 8181
 7447
 5446
 6176
 4598
 7922
 6185
 3480
 3252
 3912
 3003
 8988
 9814
  990
 7655
 7292
 5183
 3368
 8381
 2891
 9019
 3200
  385
  630
 4883
 5435
 5991
 5999
 4211
 7227
 1532
 4023
 8792
 3845
 5837
 4824
  987
 9943
 7680
 3505
 5905
 6468
 5302
 6988
 7458
 5012
 1578
 9578
 6528
 7419
 8919
 7449
 8387
 3240
 4426
 9611
 2396
 3697
 3555
  936
  789
 1748
 8707
 8205
 1534
 4311
 4944
 4323
 9267
 3817
 8393
 6834
 5300
   15
  412
 7500
 7848
 9550
  808
 5877
 4881
 1061
 7624
 2170
   13
 5592
 3184
 5855
 6465
 9440
 9801
 4879
 8486
  912
 3001
 5957
 2188
 3260
 1732
  706
 7443
 2825
 8222
 2808
 3662
 3906
 2095
 8173
  965
 6889
  350
 7917
 2428
 7325
 6983
 2506
 2778
 4009
 9294
 7058
 8314
 3820
 5420
 5089
  492
 2654
 8951
 5347
 1781
 8297
 6575
 7511
  814
  515
 6329
 3517
 5202
 8039
 2881
 7731
 1500
 4972
 8661
 8933
 2192
 7678
 7982
 7381
 8677
 3770
 1631
 8006
 6334
 4141
 5666
 9853
 6962
 6038
 1113
 6459
 1850
 8014
 4328
 1651
 9642
 5661
 1063
  592
 9710
 9134
 1444
 4706
 2985
 6788
 6786
  739
  974
 8076
 6078
 9743
 6370
 9919
 7535
 8826
 2130
   14
 6560
 3284
  330
 6399
 2281
 8351
 8583
 5173
 3171
 6699
 9960
  235
 4588
 9212
 2605
 2719
 4871
  132
 1234
 8725
 4384
 6469
 3119
 4022
 3248
 3638
 1495
 7067
 4252
 6601
 6349
 5625
   77
 7175
 6583
 9303
 4538
  192
 4758
 3135
 3515
 4870
 6655
 3674
 3418
 3070
 7926
  510
 5857
 9760
 6405
  538
  964
  758
 8350
 6954
 4953
 8282
 8219
 2134
 8639
 3836
 6573
 7329
 6395
 6181
 5472
 9140
 7850
 4773
  747
 5692
 3443
 4866
 3761
 7918
  811
 8636
 7515
 5115
  446
 4046
 6519
 7220
 1927
 4552
 8624
 2698
 8435
 8473
 2627
 1365
  463
 5976
 6430
 7071
 4235
 5642
 7595
  817
 7379
 4654
 2445
 2376
 5539
  651
 2024
 2568
 6148
 2723
 6058
 9002
 6927
 9674
 1637
 1315
 1806
 2817
 5950
 4565
 9424
 8520
  120
 5387
 7257
 2834
 3053
 4457
 7522
 2410
 9941
 1353
  315
 1683
 1661
 9401
  608
 4977
 8752
 6456
  344
 8584
 4796
 8370
 3013
 4470
 4257
 6885
 8920
 2068
 3191
 5886
 1225
 7931
 5011
 7095
 3810
 5142
 3716
 3022
 6152
 7634
 6014
 6825
 4489
  180
 4335
 1293
 7924
 6057
 9868
 9744
  673
 2939
 2356
 3431
 4415
 8166
 1454
 7090
 1126
 2592
 6054
 1865
 8554
 4427
 8522
 7000
  530
 3027
 4213
 2975
 9406
  163
 9719
 3278
 5978
 3830
 1136
 9205
 3563
 2093
 4319
 2921
 7390
 9248
 7386
 3749
 5725
  144
 6505
   84
 6326
 8744
 5101
 2616
 9828
 9865
 8608
 6333
 2742
 6910
 3219
 6745
 1163
  128
 1962
  145
 5794
  372
 4750
 8803
 4410
 6157
 9048
 7264
 7877
 5481
 9586
 5807
 6892
 9004
 2083
 7440
 3347
  332
  417
 9881
 3644
 9534
 8564
 2249
 2861
 5190
 9735
 5070
 3869
 6291
 5562
 1369
 2152
  728
 6438
 7140
 7531
 6421
 4108
 3009
 8053
 3725
 7444
 8091
 2704
 8532
 5745
 6048
 3249
 9824
 7750
  722
 8868
 6888
 3996
 3257
 4042
 4043
 9430
  349
  707
 8602
 1424
 5702
 4772
 1791
 3848
 8804
 3604
 6656
 8444
 1809
 2159
 1773
 8776
 2791
 9356
 4931
 1359
 8827
 2007
  882
 7426
 9296
 6473
 6987
 8322
 2981
 2201
 1552
 9133
 8432
 3233
   66
 4685
 2867
 1979
 5094
 1170
 6766
  858
 8198
 8099
 9688
 7991
 2156
 2373
 8288
 9491
  988
 6435
 9823
 2033
 9405
  776
 1517
 8716
 4726
 4952
 7749
 3666
 9150
 9528
 4770
 3394
  593
 4608
 3964
 3577
 6234
 3034
 6833
 1210
 3873
 4828
 6289
 9081
 5919
 1503
 4975
 2000
 3087
 7537
 9147
 3292
 1100
 3274
 2421
 7601
 8045
 4197
 7505
 1618
 6046
 3269
 7285
 1089
  215
 5959
  168
 5602
 8952
 5646
  434
 3056
 9106
 8989
 6119
 8152
 9427
 9288
 7172
 3097
   91
 6844
 9822
 8019
 4955
  838
 6639
 3933
 3261
 6724
  517
 9426
 9854
 9265
 6006
 5419
 7011
 4347
 9052
 8774
 3629
 9997
 7355
 8985
 2913
 3664
 9059
 2905
 3239
 7048
 8835
 2609
 8880
 3559
 2893
 8669
 4091
 3904
 8399
 2355
 1971
 5616
 9264
 1716
 8228
 7818
 1203
 6205
 5962
 9384
 9648
 3675
  818
 8080
 7308
  159
  481
 5679
 5166
 1595
 1813
 4787
 1817
 1332
  124
 4483
 7491
 7258
 6856
 5890
 1518
 7965
 6690
 1921
 1705
 9620
  969
 6497
 9435
 8034
 6686
 4057
 3458
  668
 8237
 8469
 6951
 6728
  843
 3793
 9107
 6512
 4450
 7492
 1692
 7007
 8528
 4272
 9532
 4755
 4987
 5862
 5127
 5597
 5268
 6831
 2167
 3808
  443
 7698
 5515
 8790
 2002
 9399
   98
 6532
 4090
 7448
 3823
 3322
 1402
 6217
 3323
 2258
  714
 3930
  570
 4752
 1815
 5241
 4448
 1191
  341
 1609
 9366
 2730
 1169
 2499
 8923
 7490
 8164
 1254
 2525
 3074
 9416
 8142
 5225
 5682
 6322
 2231
 8973
 4041
 8516
 1837
 9355
 2611
 2049
  543
 2398
  161
 2453
   87
 8300
 9092
 9561
 1052
  127
 4530
 6083
 3937
 7901
 8950
 6388
  711
 4663
  193
 9570
  495
 6247
 3245
 2358
 1149
   90
 4249
 9432
 8480
 2199
 5145
 4310
 2993
 6414
 9520
 8563
 5719
 2618
 6494
 7091
 8702
 8171
 4390
 1171
 4447
 7466
 6378
  732
 6955
 6894
 1287
  886
  291
 1141
 5525
 9480
 1639
  456
 4309
 7455
 1822
 9300
 1843
 2229
 7724
 4303
 8670
 9848
 2280
 4501
 5754
  740
 6617
 3874
  223
 4440
 3460
 6673
 1980
 2306
 9541
 5523
 1092
 2228
 8512
 5490
 8739
 9589
 4080
  875
 1504
 4680
 9626
 1660
 6003
  597
 9223
 8906
 2669
 4785
 8721
 9690
 7459
 1689
 1345
 6301
 3610
 8888
 5665
 9247
 8295
 2279
 8331
 3740
 3880
 6256
 5004
 9229
 1212
 6884
 1453
 2302
 1541
 9810
 3981
  323
 1419
 5380
 6132
 6685
 3320
  861
 1005
 1738
 4583
 1930
  825
 3542
 6877
 6801
 3407
  410
 5972
 9485
 5796
  516
 7695
 6079
  541
 3799
 6411
   30
 3498
 9017
 2788
 8632
 7808
 5199
  290
  477
 9807
 1588
 1086
 6467
 1093
 4238
 4291
 4920
 9116
 7894
 8828
 5960
 5048
  130
 7232
 3558
 4433
 3131
 3600
 9394
 3516
 1904
 8130
 5458
 8024
 4320
 2919
 3156
 3953
 1112
 6883
 5744
  287
 9115
  200
 1472
 3391
 9540
 9838
 9671
 4996
 4561
 9088
 6340
 4271
 9751
 5120
  546
 6417
 4368
 7312
  771
 2739
 9716
 4297
 8463
 1877
 3714
 3828
 5724
 1603
   46
 9556
 4245
 7259
 6251
 2588
 9920
 8389
 1740
 3392
 2014
 3835
 3150
  780
 6186
 1898
 2781
 6021
 3501
 5810
 9621
 5281
 4017
 4396
 3775
 7046
 9893
 2424
 9792
 8310
 5219
 9816
 9317
 9079
 9094
 5125
 4995
 1392
 9981
 9531
 5246
 6743
 7564
 6422
  601
 5383
 3168
 2417
 2216
 6977
 2639
 6981
 6229
 4823
 7693
  197
 4233
 7593
 2017
 5278
 8193
 7457
 4587
 9649
 1460
 7460
  494
 3760
 5496
 5329
 2366
 2624
 7972
 5333
 4711
 7514
  830
 1300
  484
 4895
 1745
 4350
 1726
  821
 8146
 7142
 5773
 4343
 3939
 7722
 3430
  939
 5759
 2472
 1658
 2696
 4914
 3134
 6779
 9922
 7762
 7369
 3895
 9382
 1674
 3101
 8457
 1567
 5483
 7476
 9499
 1347
    4
 2377
 1734
 6338
 4119
 4220
 5249
   85
 5910
 6431
 7340
 7910
 2596
 6024
 9383
 3258
 2347
 4028
  309
 5409
 3722
 5656
  208
  639
  244
 6811
  198
  839
 9122
 3029
 3092
 3355
 8672
 2450
 3157
 5184
 9117
 1756
 8252
 3267
 2288
 1777
 5396
 1862
 2028
 9388
 9843
 9360
 6071
 5543
 3609
 7672
 6201
 8915
 9433
 7732
 5944
 7266
 9069
 9508
 1486
 2945
 3637
 5485
 1697
 8767
 4784
 6362
 3197
 9758
 8211
 5638
 2242
 5092
 2988
  564
 4286
 8506
 4979
 1956
 1943
 2751
 6975
 4355
 9562
 6848
 7023
 8179
 4081
 2695
 7962
 7235
 3932
 3289
 9337
 5740
 9187
 7279
  926
 9028
 1961
  138
 6244
 6562
 1736
 2359
 8936
 8089
 5381
 1513
 1913
 3499
 6442
 8634
 9431
 4348
 6830
  665
 5908
 3250
 7907
 7401
 9166
 6772
  351
 8824
 5812
  160
 4981
 3623
 1227
 7146
 7900
 3381
 9304
 3921
 9217
 1294
  399
 1978
 8044
 8666
 6851
 5059
 4130
 2489
 6942
 3695
 3221
 1468
 2237
  910
 3143
  715
 9755
 4383
 1329
 8808
 6960
 4994
 9768
  834
  666
  561
 3073
 1383
 5864
 6552
 2151
 7839
  599
 6633
 4039
 9455
 2868
 6173
 6971
 9176
 5649
 6794
 9583
 5952
 2508
 6900
 9328
 7759
  865
 3020
   16
 5388
 1502
 9543
  532
 2117
 3015
 9739
 7671
 2138
 2942
 6464
 5845
 6895
 4682
 6718
  425
 2735
  357
 6118
 1840
 9821
  221
 9545
  216
  176
 8272
 9605
 4132
 8995
 3060
 5775
  552
 3463
 7187
 3631
 9143
 4543
 2048
 9781
 5721
 9533
 4260
 1452
 7154
  508
 3287
  772
 4126
 2391
 6145
 9711
 3075
 2628
 8086
 7638
 5365
 8092
 2492
 4349
 7362
 9023
 1070
 9470
 2214
 6042
 6323
 5596
 1360
 9284
 7649
 8009
 3017
 5047
 1555
 7321
 4111
 6941
 2032
 6415
 2026
 1757
 6881
 3333
 3095
 7430
 4464
  919
 9495
 2705
 4239
 5878
 9601
 5604
  574
 7902
 3546
 5813
  118
 6969
 8374
 3455
 5757
 9165
   99
   37
 7069
  798
 8402
 6761
 2360
 6371
 9064
 4688
 9633
 8686
 2050
 4982
 9614
 5255
 4954
 4715
 7872
 9973
 4098
 9617
 6002
 5879
 3865
 5798
 4035
  250
  134
 9701
 6879
 6117
 4628
 5675
  460
 2548
 9604
 5314
 7536
 8149
 4466
 8756
 9358
 9708
 4825
 4145
  338
 4414
 6500
 3549
 8317
 4718
 1122
 5568
 2470
 9277
 1691
 1798
 2501
 9563
  765
 4851
 2210
 8578
 5577
 1911
 6540
 2065
 5508
 2930
  359
 8585
 9093
 7891
  420
 3997
 9164
 5911
 6549
 7728
 1399
 2364
 2843
  146
 8895
  502
 5513
  368
 1672
 1201
 5561
 3955
 1389
 8456
  149
 9203
 4171
 7319
 2565
 1045
 2053
 2667
 8369
 8555
 2833
 1020
 2388
 1207
 6089
 4722
 4298
 8305
 9852
  500
 9990
 1936
 8505
 9712
 1148
 4812
 7294
 6978
 3989
 5946
 8900
 1431
 8795
 8392
 8941
 4690
 2452
   54
 7038
 4560
 3881
  137
 1219
 1263
 1972
 5524
 2070
 1412
 7602
 7576
  617
 5363
 4857
  534
 5285
 4014
 7572
 7275
 6353
 8055
 9845
 6425
 4060
 9189
  565
 7771
 8414
 8384
 6266
 5671
  397
 5534
 2386
 6899
 2060
  674
 2571
 6925
  836
 6403
 2537
  684
   59
 8765
 9871
 1491
 8162
 8285
 1410
 2712
 1250
 1239
 1441
 6466
 8236
 7479
 6719
 6389
 9619
 2051
 1599
 6304
 5552
 8613
 3077
 2105
 9878
 2760
 7942
 3719
 7182
 6123
 4766
 5703
 8631
 6592
 9972
 1712
 5987
 6918
 6828
 7296
 9895
 7708
 2665
 2006
 1031
 9889
 1115
 8439
 8391
 3585
 1767
 8938
 9423
 7675
  217
 5480
 6115
 8072
 5102
 3453
 2350
 5975
 5279
 5377
 3647
 1975
 3138
  889
 8038
  756
 9287
 1231
  586
 7971
  788
 2853
  255
 8816
 8504
 2662
 5789
 9465
 4150
 9968
 1096
  604
 9477
  360
 8653
 6579
 9387
  170
 1014
 5538
 7882
 2555
 2707
 9574
  585
 1810
 4254
 6214
 1554
  796
 1357
 8051
 3890
 1129
  389
 6357
 4205
 5328
 3301
 4568
 7395
  966
 1521
 4847
  620
  996
 4172
 2381
  497
 9940
 6530
 4923
 2526
 1058
 8479
 5716
  876
 6814
 8647
 5579
 7829
 8656
 7270
 3582
  228
 6544
 3611
 9958
 9646
 9634
 1308
  968
 5914
 4928
 8772
  356
 1742
 4585
 1103
 4780
 1304
 2733
 8494
 2926
 8325
 7222
 9815
 5622
 5997
 3551
 9313
 9475
  506
 8251
 8065
 5578
 2711
 5581
 6462
 2160
 2617
 8690
 7237
 7125
 6534
 7534
 7059
 7190
 1800
 8574
 8359
 3523
 6260
 2841
 3605
 3377
 3755
 2121
 9766
 4304
 6090
 6631
 5027
 7543
 7888
 5052
 2543
 4336
 4768
 1505
 2189
 6867
 3118
 6864
 2119
 3061
 1959
 5364
 5293
 6158
 6120
 6691
 1753
 1823
 4412
 7070
 6571
 7310
 7487
 7286
 1098
 6911
 3384
 1584
 9159
 9523
 9204
  306
 5762
 3882
 3726
 5734
 3158
  760
 6364
 8213
  952
 8174
 5296
 9698
 3801
 8605
 1814
 6567
 5448
 4959
 8366
 4147
 7211
 6286
 7268
 8340
 6402
 4393
 2798
 8035
  393
 2270
 2648
 2401
 1884
 9926
 8635
 6897
 2394
 3791
 7128
 3909
 5274
 2694
 2213
 6572
 2663
 3899
 2008
 8557
  426
 6053
 1650
 8229
 2556
 6931
 7047
 5252
 8378
 3896
 2465
 2466
 7858
  610
 9794
 6222
 8870
 3617
 6069
 4956
 5001
 8269
 2866
 4591
 1253
 7920
 7057
 1331
 6187
  188
 7160
 8642
 8409
 8298
 3855
 2683
 5359
 6248
  459
 5121
 2948
 7001
 9343
 8849
 6034
 2243
 6936
  687
 4394
 8090
 6004
 7493
 9966
 2839
 6938
 1057
 9490
 4379
 5491
 5239
 7233
 8829
 8021
  106
 7586
 2035
  718
 4062
  472
 9222
 2895
 5098
 5816
 3108
 1143
 5042
 1064
  438
 6952
 8990
 2904
 5805
 2912
 7856
 2973
 3308
 6419
 1792
 6578
 8760
 9608
 3635
  767
 8931
 5831
 7727
 1536
  932
  442
 1208
 5371
 8904
 2154
 9694
 2142
 8676
  452
 9858
 7843
 8115
 9290
 4592
 2439
 1729
 2792
 2416
 6429
 9859
 4990
 1436
 9884
  526
 3459
 7545
  750
 3067
 4957
 4602
 7716
 4740
 1887
 9054
 1211
  710
 3798
 8543
  748
 8648
 8741
 1030
 6536
 5706
 8398
 1659
 4481
 1819
  298
 4517
 1556
 1575
 6692
 9362
 2102
 1880
 1876
 7314
 1448
 6381
 5572
 5362
 3661
 9983
 6203
 2878
 9046
 3383
 2301
 5414
 3051
 8865
  490
  690
 3023
  115
 7406
 2082
 9914
 5428
  633
 2935
 4181
 3720
 9795
 2989
 1934
 3155
 7654
 2335
 8621
 9349
 2289
  551
 7581
 2670
 7892
 2471
 3251
 2633
 9231
 1009
 4497
 5531
 2485
 4659
 8283
 7161
 8748
 1592
 2700
 2998
 4499
 1638
 1224
 9793
 9012
 7044
 8496
 9234
 8302
 2664
 9461
 3100
 1267
 9365
 5493
 4230
 7367
 7825
 1111
 3203
 1164
 9908
 3433
  669
 9537
  283
 2176
  975
 6483
 9630
  891
  662
 6684
 9493
 7919
  896
 1620
 2643
 4913
 9319
 4076
 7267
 6708
 1026
 3151
 5313
 7842
 6721
 9041
 1743
 7509
 1470
 5643
  943
  871
 6007
 5033
 3026
  634
 1506
  326
 9522
 7836
 3676
 9747
 4915
 6600
 8263
 7414
  455
 2276
 7580
 9077
 2864
 8586
 5608
 8704
 8307
 6314
 7966
 7519
 8156
 8837
 4176
 5372
 6802
 8484
 6593
 6116
 5479
 9505
 3037
 5958
 4365
 7018
 6880
 2754
 6052
 8667
 3512
 4652
 5993
 3434
 1080
 6868
 3844
  848
 2574
 6921
 7662
 5826
 8526
 4802
 5968
 2286
 3165
  874
 8983
  598
 5953
 5149
 7620
 5339
 8127
 9899
 1206
 2602
 2820
 7304
 9414
 3237
  150
 3803
  382
 9112
 4400
 8611
 4613
 5243
  704
 4125
 1240
 3538
 5251
 2432
 6221
 4896
 4037
 6608
 9481
 4312
 9773
 1606
 3575
 2336
 7461
  267
 2741
 1916
 5266
 4269
 2259
 6932
 7112
 9591
 8529
  754
 1527
 4596
 3648
 7987
 3494
 5357
 5619
 8478
 7209
  381
 7737
 5399
 8935
 4153
 9113
 1073
 9118
 5885
 5391
 3862
  829
 2137
 4849
 6787
  436
 7377
 9592
 9272
 4468
 1860
   69
 2153
  595
 5228
 5564
 5927
 9029
  781
 3554
 7167
 4159
 5547
 2332
 9921
 4224
 1276
 4529
 3411
 2949
 6325
 1928
 9553
 6874
 2158
 7415
 1192
 9180
 9771
 9728
 3371
 6363
 3854
 6407
 5179
 4725
 1572
 1081
 6408
 8472
 7261
 4763
 5167
 7568
 2468
 3450
 2738
 5188
 6599
 3919
  386
 3173
 4460
 7276
   23
 2566
 2996
 4279
 4877
 5566
 6108
 8286
 2620
 7093
 2753
 2271
 7434
 3082
 8674
 5197
 8862
 4550
 7403
 8883
 4811
  590
 6369
 8703
 6423
 1643
 6180
 4557
 8596
 2436
 8339
 4610
 8425
  520
 5108
  693
 5247
 9087
 3259
 5410
 2938
 9669
 4684
 6315
 7352
 9188
 9639
  656
 9890
 1087
 4679
 8507
 9702
 4146
  947
 2603
 4149
 7988
 2407
 1523
 2743
 9832
 2495
 7245
 4386
 2217
 2899
 6094
 5205
 4075
  770
  562
 6239
 9403
 7416
 5771
 7913
 4749
 7606
 3547
 5751
 5624
 5838
 9830
 6920
 2619
 6136
 8405
 4198
 3961
 9783
  688
 4558
 1811
 7039
 3415
 9700
 1981
  629
 2254
   24
 2477
 1038
 3746
 8016
 8052
 1581
  419
 1848
 8368
 4194
   48
 7729
 2651
 6714
 3741
 4065
 7556
 2579
 5134
 7742
 4644
 1395
 3144
 1344
 8769
 2054
 5160
 8474
 1805
 5152
 8343
 2175
 1355
 6093
 4693
 8768
  248
 6160
 1559
 5344
 2039
 6671
 6099
 9689
 5876
 1702
 5633
 2964
 7596
 8797
 3467
 6039
 2148
   86
 8877
  187
 5765
 1299
 5659
 9937
 3583
 1090
 2865
 4288
 9269
 3522
 1548
 9307
 7086
 5840
 9270
 4200
 8372
 4038
 3236
 4747
 8383
 5263
  143
  220
 4064
 8540
 7950
 2577
 9681
 1384
 9271
 6225
 4831
 9065
 6092
 9498
 8912
 8338
   67
 1075
 2331
  907
 9243
 7641
 4792
 7385
 7168
 9557
 7591
 4859
 8233
 3154
 3470
 1982
 6514
 8140
 9962
 9361
 2196
 5684
 8221
 5705
 7119
 7648
 6098
 9078
 4822
 7287
 4015
 6406
 4694
 4431
 9731
 7107
 6870
 2951
 1071
  992
  790
 1514
 1932
  454
 9978
 3744
 3707
  835
 6409
 4454
  374
 8194
 9005
 1021
 7792
  165
 4533
 4775
 1963
  473
  680
  478
 2634
 4968
 2464
 1869
 2582
 5497
 3715
 3943
 6295
 2227
 4112
 7256
 1109
 2409
 7506
 4071
  856
 5000
 6060
 1027
 7838
 8067
 7103
 1938
 6219
 3511
 6707
  708
 5230
 4333
   34
 2337
  513
 7555
 4983
 8623
 6337
  358
 8858
 8315
 6635
 4781
  568
 9580
 7914
 8254
 9834
 5829
 7667
 6666
    8
 7863
 6086
 5433
 7688
 7976
 6293
 1608
 5135
 4011
  587
 4367
 2287
 6191
 5537
 7579
 7909
 3565
 8876
 4799
 3963
 4222
 9872
 7607
 2607
 4992
 1864
 5500
 2378
 3295
 1427
 1665
 6850
 6958
 1853
 1587
 2783
 5743
  404
 6144
 2037
 8811
 8144
 9259
 2071
 1252
 2204
 6720
 1950
 3089
 5162
 5168
 5772
 3246
  937
 3305
 4267
 8980
 6557
 6842
 3861
 9903
 7349
 1094
 7587
 8544
 8591
 4212
 7930
 4898
 1348
 2320
  122
 7715
 3216
 9364
 2914
 9456
 5883
 4789
 2245
 4026
 5155
 8169
 7520
 4933
 5244
  547
 7801
 7464
 8103
 5187
 2012
 8008
 9519
 6167
  627
   57
 4834
 4500
 3113
 2836
 9467
 5043
 9762
 7301
 6812
 6189
 4723
 5923
  241
 5137
 2890
 8948
 2299
 6273
 7685
 3253
 7305
 9745
 2517
  204
 1060
 9979
 8610
 1997
   71
 5582
 2538
 7938
 9696
 8461
 6171
 8495
 3526
 9496
 7145
 5542
 6112
 3643
 3241
 3742
 3375
 5355
 8214
 1923
 4270
 7243
 2599
  613
 4932
 9544
 9003
 2110
 7590
 9928
 2084
 8718
 3378
 7789
 4963
 1849
 5902
 5269
 1275
 1132
 1488
 6871
 1723
 6986
  226
 6964
 5901
 9987
 1992
 6712
 1375
 3048
 5105
 3636
 7147
 4216
 3049
 9510
 7484
 1999
 5257
 7578
 4490
 2187
 8582
 6751
 8633
  978
 3298
 7686
 2530
 6470
 5369
 1915
 3527
 6339
 8379
 8581
 5444
 1311
 7054
 2003
 2224
 5821
 2423
 1134
 5124
 8758
 3641
 5869
 6919
 5021
 7796
 7964
 1540
 1258
 3752
 1779
 1867
 7003
 9729
 5695
 3057
 7066
 7525
 4875
 3767
 8280
 4862
  859
 4509
 1310
 3753
 2677
 8518
 9660
 6199
 1490
 9527
 5050
 9246
 8012
 9750
 8364
  231
 3601
 9555
 5436
 6732
 7957
 8652
 7968
 6607
 2721
 3507
 9659
 3893
 2307
 9882
 5715
  325
 1677
 4950
 4409
 4358
 5567
 9846
 9974
 3957
 3439
 4403
 6793
 1295
 4713
 8356
 1574
 5830
 8003
 9687
 7116
 7134
 8847
 5358
 6274
 9576
 7193
 1053
 4525
 1340
 6622
 3330
 4783
 4338
 2797
 6111
 5690
 4555
 6820
 3691
 9612
 5718
 6270
 9024
 5516
 5290
 3931
 4805
 4351
 4697
  672
 7032
 6747
 3607
 1780
 2455
 9492
  575
 1285
 7635
 5400
 1202
 5874
 2613
 5195
 9826
 3438
 6238
 6896
 4593
 7807
 9787
 4575
 9301
 5280
 2606
 2183
 8501
 4864
 5036
 3105
  227
 5988
 8970
 2267
 7820
 6138
 3529
 8998
 8147
 5273
  237
 1420
 7291
 3121
 3187
 5729
 6433
  457
 1180
 6949
 9266
 1909
 1704
 3567
 5989
 7225
 2487
 6022
 1123
 2954
 3010
   92
 2426
 5226
 2540
  271
 1455
 4816
  256
 5148
  353
 8815
  648
 1497
 9218
 5615
 8852
 6392
 8566
 1802
 5046
 7854
 7778
  392
 7402
 9126
 6474
 1761
 1758
 8940
 5699
 9207
 4532
  162
 4032
  909
  313
 3682
 2587
 2041
 2265
 4790
 5589
 9172
 8650
 1230
 6356
 8777
  222
 7399
 2762
 8259
 3992
 1350
 2460
 2274
 3215
 6509
 5147
 9252
 9779
 7438
 4488
 1783
 1415
 7183
 4055
 6420
 6396
 7391
 5984
 5128
 1648
 4779
 6471
 2549
 7921
 8927
 7718
  801
 6615
  402
 6368
 7315
 1370
 4634
 2195
 5423
 8273
 5557
 4436
 3608
 3922
 8699
 3247
 7619
 5393
 8270
  489
 7323
 4283
 9320
 4512
 6009
 1003
 7632
 8377
 3361
 1784
 9447
 9950
 7040
 8732
 4276
 1189
 7019
 5920
 8549
 7642
 9132
 4168
  387
 4729
 2486
 5778
 8048
 5926
 5240
 8773
  348
 2087
 8654
 3421
 5462
 3206
 9305
 7743
 1831
 6606
 5979
  884
 6174
 6741
 3228
 1801
 7087
 6970
 5015
 3447
 9071
 1277
  254
 2044
 2221
 7779
  528
 6887
 1579
 4236
 7827
 5104
 9385
 7747
  199
 9984
 6990
 8796
 3365
 4020
 3288
  679
 7238
 3225
 9831
 3429
 6806
 2965
 1859
 1368
 4840
 8047
 9453
 7533
 1598
 1775
 2810
 1964
 4655
 9874
 1976
 4911
 6277
 7417
 9741
 6206
 2122
 3615
 6982
 1585
 3541
 1759
 8451
 3192
 1386
 8182
 6815
 8122
 7849
  724
   78
 2629
 3110
 2163
 1323
 2181
  935
 3486
 9119
 7498
 1715
 1945
 3336
 3280
 1561
 2509
  158
 7043
 7791
 6443
 2262
 5122
  949
 6477
 4942
 5844
 8701
 4960
 7658
 2987
 8614
 9840
 2413
 4579
 8671
 1965
 7463
 2207
 9804
 4559
  918
 1110
 8513
 8345
 6416
 5413
 6129
 4306
 6680
 7203
 1718
  427
 6805
 2927
 1966
 7470
 5617
 6565
 1508
 3764
 9764
 2811
 5475
 6142
 8734
  501
 8955
 4251
 7431
 9020
 2709
 9763
 6716
 3416
 7626
 6299
 9704
  293
 9007
 3727
 2088
 6410
 7782
 3625
 9244
 8189
 2031
 1984
 8963
 5545
 8453
 8341
 4894
  615
  735
 8515
 3012
 7969
 3321
 2915
 9817
 3581
 5504
 4926
 1553
 8809
 7995
 5430
 4946
 5119
  233
 1101
 3178
 7345
  646
  887
 1286
 6543
 1068
 2133
  602
 5673
 6309
 7126
 2883
 8042
  733
 1459
 2058
 6875
 3905
 6428
 8580
 8438
 9282
 4109
  544
 6541
 2597
  941
 4547
 3345
 8070
 7562
 7102
 5088
 9776
 5067
 9998
 9819
 7473
 7978
 7869
  757
 5591
 4142
 9861
 5811
 1872
 1986
 2283
  863
 6654
 8599
 1405
 4947
  415
 4544
 3163
 6891
 7777
 8207
 1933
 5250
 7350
 8167
 4889
 1425
 9450
  870
 3788
 1671
 1033
 8483
 6084
 2443
 5854
 1678
 2473
 2052
 2796
 7446
 8568
 9488
 8158
 8079
 2697
 2761
 7288
 7501
 3130
 2067
 4930
 5384
 3723
 5081
 4582
 5017
 3756
 8163
 7262
 5971
 5261
 9629
 3306
 2004
 8208
 3139
 9026
 4856
 9306
 7152
 4262
 9684
 9183
 8482
 1528
 9993
 4253
 3839
 6448
 2449
 2755
 5066
 8886
 7026
 6020
 2395
 5726
  258
 3568
 2260
 2078
 2688
 6035
 6294
 8231
 6854
 5817
 1680
 9666
 1469
 3603
 4324
 6547
 4586
 6647
   89
 4377
 2923
 1512
 4989
 3129
 1501
 2206
 4360
 2150
 7622
 9954
 1766
 1845
 9567
 1232
 8321
  133
 3273
  763
 4891
 9482
 6646
 5956
 7051
 6030
 8318
 6458
 3807
 1260
 3590
 7432
 7073
 7720
 7178
 7893
 1851
 5755
 4503
 7885
 2675
 6755
 2982
 7589
 7819
 6283
 8644
 1423
 2454
 8589
 5884
 2522
 1140
 1018
 5469
 1589
 4578
 7603
 5501
 4131
 5824
 3841
 4337
 7864
 7371
  422
 3456
 8306
 4813
 4164
 3759
 9947
 2908
 3768
 2874
 2575
 4069
 5913
 3649
 2420
 3838
 5198
 9791
  675
 4177
 7898
 7165
 9672
  285
 5970
 8539
 4595
 6829
 6492
 3497
 5307
 6908
 6902
 1558
 1168
 8301
 9127
 5685
 6127
 1274
  295
 8170
 3560
 6835
 8106
 3263
 1565
 8943
 9408
 9047
 8542
 1391
 8965
 6305
 8619
 4551
 2433
 6771
 9901
 7236
  205
 4540
 5982
 5200
 7821
  157
 6253
 1580
 3557
 1897
 7723
 7382
  933
 3325
 2614
 2879
 3956
 3093
 5318
  487
 5571
 5144
 5522
  346
 4513
 5437
 1498
 7383
 5495
 1283
 9564
 8873
 7704
 1947
 1586
 6087
 6542
  977
 8982
 4897
 3804
 6218
 4012
 5559
 2370
 5040
 7005
 8668
 8367
 7544
 7132
 3502
 3897
 3769
 6163
  967
 7334
 7200
 2827
 3837
 5154
 9809
 1765
 7833
 3829
 6934
 4965
 2585
 4809
 3471
 6693
 5454
 3412
 7584
 6678
 1836
 5390
 3721
 5930
 7326
  734
 7600
 5051
 2375
 5082
 9572
 3179
 8129
 5556
 8394
 8962
 5835
 9274
 1398
 2440
 8726
 6441
 1343
 1015
 9462
 8590
 3938
 6404
 6193
 9986
 8429
 8125
 8296
 9566
 6929
 6269
 5061
 8751
 6091
 9240
 2256
 1708
  339
 5825
  807
 4391
 1989
 9599
 9842
 8138
  784
  956
 6816
 7144
 1317
 5049
 5555
 9390
 3343
 9123
  266
 7816
  908
 5476
 3117
 8069
  319
 5708
 2368
 6672
 1568
 1701
 2425
 7549
 5169
 6489
 2349
 9318
  769
 8894
 6450
  308
 3766
 2384
 9549
  282
 3282
 1673
 6385
   62
 8445
 9742
 5769
 8107
 5099
 4451
 7121
 3670
 6212
 5316
  475
 1983
 1720
 8491
 2173
 4473
  466
 2554
 2046
 5232
 7214
 4029
 6940
 5678
 2968
 3364
 5385
   79
 5209
 3693
 9507
 3599
 5521
 9685
10000
 6913
 8386
  210
 8587
 6808
 4951
 1273
 5601
 1157
 1949
 6110
 1873
 8771
 7644
 9788
 2115
  185
 2469
 2777
 2282
 8488
 7701
 6860
 2775
 5076
 4036
  519
 9335
 6482
 4640
 6394
 5788
 2768
 1612
  336
 5667
 9513
 2128
 9906
 4339
 4681
 9228
 4865
  153
 7896
 9033
 9108
 4331
 9606
 1941
 7360
 6047
 6523
 3446
 6619
 9326
 1951
 5697
 8400
 8658
 7331
 4882
 9837
 4901
 1007
 3072
 9640
 9412
 2794
 5356
 9396
  401
 5466
 1593
 1088
 8889
 1121
 5201
 9314
 5034
 7764
 7582
 7061
 4919
 7278
   19
 4678
 5395
 8224
 9171
  940
 2871
 4031
 6521
 5418
 6135
  273
 9153
 2226
 6750
  723
 4263
 9451
 1830
  400
 8801
 7834
 8403
 4833
 8959
 1763
  713
 6204
 5851
 4240
 4667
 1099
 7302
 1397
 4581
 1379
 7181
 1926
 7313
 4569
 3208
 6255
 2831
  815
 7943
 7020
 4937
 9345
 8972
 8854
 4563
 8216
 3309
 7084
  125
 1394
 6836
 7636
 3531
 9152
 7754
 9637
 1416
 4352
 3107
 5023
 6246
 1029
 3786
 1036
 4567
 7481
 3588
 2551
 5208
 3104
 6823
 6649
 4438
 8659
 2659
 9381
 1652
 7442
 2812
 1613
 8759
 7064
 5632
 9577
 5452
 5948
  831
 7251
 2500
 1752
 6310
 2327
  572
 8660
 6551
 4506
  787
 7713
 9516
 9500
 1896
 7188
 1948
 9436
 3290
 8030
 5434
 7397
 3978
 8476
 6056
 6055
 2855
 1450
 9627
 6001
 8308
 3362
 5502
 8342
 1564
 7797
 8766
 9638
 6689
 9015
 4099
 9693
 5598
 3291
 6076
  276
 1010
 9111
 9250
 1707
 4643
 6998
 1025
 4067
 1785
 8419
 5037
 1549
 5681
 3063
 5795
 4580
 1621
 2034
 7148
  852
 1519
 2799
 9339
 9011
  414
  329
 9571
 2109
 2200
  582
 6432
 9286
 7353
 5776
 1968
 4066
 5109
 1145
 2681
 1354
 6711
 6308
  806
 6664
  986
 8264
 1413
 5786
 9622
 6025
 8110
  117
 4314
   61
 8697
 5425
 4207
 1012
 7612
 8961
 7803
 2685
 6327
  174
 6577
 9251
 9598
 7376
 4807
 9163
 2977
  840
 1056
 1292
 9194
 6620
 4672
 6121
  335
 7946
 7621
 4653
 3514
 2059
 7335
 5306
 8817
  915
 3701
 3990
 7691
 8095
 2480
 8460
 4477
 3843
 4404
  173
 7703
 4961
 4078
 8727
 1144
 1128
 6175
 4664
 7045
  945
 3971
 2418
 8094
 3300
 7206
   82
 8588
 7577
 5072
 4469
 7290
 3314
 2572
  284
 7859
 1251
 5739
 4674
 1119
 2851
 9379
  480
 5170
 3738
 5760
 9515
 4709
 9581
 9657
  391
 4056
  262
 4095
 2858
 8313
 5140
 7760
 6231
  423
 2219
 6539
  794
 7647
 2165
 8991
 6202
 3327
 6107
 9275
 2005
 6596
 3678
 2722
 7185
 3147
 5335
 9175
 4315
 6742
 5223
 9322
  924
 3999
 4604
 2746
 3650
  209
 7870
  151
 4209
 3665
 7006
 1166
 8869
 5974
 1846
  175
 1957
 4247
 3052
 7845
 1645
 7665
 7830
 8375
 6627
  289
 1888
 8641
 9643
 9254
 6999
 2323
 1776
 6804
 1243
  654
 4148
 2125
 1958
 6763
 3639
 3428
 8380
 8262
 4256
 1035
 3970
 1481
  903
 2145
 7184
 1228
  826
 6559
 8102
 9579
 5303
 8879
  191
 4068
 2542
 3504
 5741
 8161
 6660
 2877
 5368
   49
 5224
 6638
 5460
 5627
 8105
 6803
 5832
 2338
 1868
 3602
 2482
 5505
 6985
 8360
 9096
 1374
 2340
 3370
 9767
 8530
 3926
 9400
 3389
 9737
 9315
 9573
 7392
 4496
 8651
 9010
 4471
 9239
 9346
 2402
 9530
 1085
 7530
 1178
  603
 2250
 4144
 3116
 8113
 4231
 3477
 2292
   26
 3718
 9887
 8524
 1226
 3373
 7979
  394
  846
 3126
 3863
 6000
 7083
  229
 6611
 3832
 6220
 6764
 3908
 9057
 9918
 3680
  745
 5530
 9067
 8510
 2690
 9651
 8498
 3847
 4647
  888
 7659
 3660
 5712
 2272
 5212
 4835
 6188
 3689
 4456
 6018
 2689
 4527
 4392
 6168
  942
 2236
 1356
 4519
 7053
 5058
 2045
   65
 6343
 7786
 1793
 3733
 7454
 8454
 6907
 8154
 3326
 9341
 2583
  954
 4572
 2247
 2155
 3297
 1264
 7961
 6226
 2569
 4853
 7804
  901
 4167
 4614
 8783
 7899
 7847
 5376
 9610
 8165
 5588
 3024
 4810
 6628
 9389
 9615
 5494
 4507
 4827
  972
 6554
 4463
 6723
 3011
 6734
 3520
 1083
 3653
 6898
 6614
 3000
 9397
 2019
 7661
 1895
 5802
 7853
 7956
 4402
 6917
 7928
 9568
 6839
 1635
 3167
 2821
 2451
 9805
 8376
 4804
 9021
 2129
 4571
 6377
 5010
 4104
 1724
 5511
 8074
 6513
 5527
 8000
 9091
 6782
 2273
 5039
 4632
 2782
  993
  470
 3846
 7908
 8750
 1327
 8711
  976
 4300
 3774
 5260
 5431
 2863
 9740
 9193
 7880
 6652
 9452
 8896
 8971
  408
 9547
 1828
 5727
 6953
 2461
 6705
 1194
 3466
 5654
 9221
  379
 1002
 9206
  997
 5507
 9552
 9333
 7852
  567
 8942
 2103
 6704
 5600
 9487
 7398
 3940
 4631
 9359
 5242
 3449
 8287
 1820
 9299
 6183
 7465
  270
 8553
 5998
 7831
 4387
 3367
 6375
 4374
 2419
 6644
 7436
 5351
 4719
 5213
 2478
 5626
 5752
 4100
 3672
 8004
 4900
 7117
 2263
 1929
 4612
 7719
 7029
 5118
 8960
 2637
 8909
 8841
 7338
 8026
 8120
  755
 3790
 1265
 4397
 3508
 7062
 7316
 9042
 4903
 8893
 2769
 9076
 3319
 6872
 8178
 8410
 5790
 7179
 6581
 5131
 7467
 8974
 8600
 1158
  989
 6372
  736
 7031
 9128
 6317
  540
 5605
 9297
  700
 1107
 9031
 7941
  485
 8548
 3457
  448
 2676
  406
 3120
 1259
 1566
 9734
 4842
 6776
 5942
 5514
 4107
 4070
 2533
 5792
 6558
 9179
 8787
 5713
 3018
 1616
 1097
 9939
 3227
 9309
 5308
 9535
 2191
  658
 2947
 4492
 2519
 3574
  529
 1279
 1001
 8719
  243
 2328
 7016
 6496
 2414
 1162
 8013
 4411
 2296
 9155
  847
 6452
 8593
 3299
 8561
 3454
 6210
 6797
 3949
  172
 6143
 4498
 4599
 7793
 8713
 1881
 4958
 2818
 4843
 3773
  407
  155
 7539
 8712
 2972
 6265
 6444
 2666
 8695
 5262
  984
  819
 4117
 6713
 2234
 8710
 4443
 4439
 1216
 1156
 1994
 8592
 7824
 7277
 4892
 8289
 6449
 1106
 3655
 1693
 9554
 3313
 6499
 4151
 1320
    3
 3948
 7223
 9348
 8908
 9802
 6663
 2897
 1313
 3598
 2023
 5852
 5291
 6347
 5294
 9302
 5749
 1615
 1245
 2765
  573
 2764
 1952
 6677
 9148
 2411
 8778
 1238
 3704
 5272
  156
 1922
 5429
 1858
 1803
 1456
 5518
 5063
  883
 9748
 7014
 7752
 6376
 1046
 5517
 6754
 5520
 4101
 5301
 4021
 6379
 2275
 9368
 6278
 6597
 1750
 1484
 8108
 8081
 7347
  300
 7078
 9949
 3543
 3974
 7388
 6858
 8005
 8098
 9866
 1388
    9
 3669
 2352
  152
 2240
 2379
 4385
 1970
 6997
 4819
 2992
 7837
 2686
  879
 7231
 7906
 1847
 2343
 5660
   38
 8256
  805
 9468
 1682
 6760
 2387
 2333
 7652
 2943
 3606
 7260
 2793
 9877
 8175
 2197
 9034
 3285
 1893
 8606
 2593
 4878
   88
 5353
 9675
 8299
 7706
 5116
 3959
 1165
 3492
 9721
 3174
 7124
 2312
 3699
  699
 6525
 8134
  768
 4010
  355
 5107
 6675
 7111
 9971
 8458
 7008
 5286
 4573
 2907
  623
 1711
 8805
 5640
 1596
 4617
 9068
 4712
 4734
  148
  383
 5123
 9135
 1364
 2962
 8437
 4462
 6312
 5474
 1314
 2952
 4556
 2898
 9825
 1797
 7954
 6605
 1432
 5787
 6681
 6320
 8346
  207
 5095
  194
 7422
 9420
 2177
 8810
   63
 4345
 5455
 5730
 3354
 1328
 3496
 5321
 9952
 1069
 8328
 1289
 5921
 1028
 7871
 2978
 6618
 3696
 6023
 8485
 8244
 1435
 2678
 2126
 7283
 2701
  405
 1778
 6602
 8417
 4124
 5487
  297
 8944
 7191
 5648
 9330
 1440
 6100
 1696
 2324
  979
 5742
 6770
 1987
 8740
 6297
 4863
 6101
 9298
 4465
 1131
 7552
 3275
 8408
 3737
 6252
 5267
 9691
 2590
 8754
 6272
 6149
 7097
 6352
 7508
 1396
 2218
 3028
 8709
 7865
 7100
 8257
 8722
 3474
  854
 2412
 5074
  522
 2641
 4441
 4590
 2528
 7571
 1066
 6533
 7753
 4079
 6580
 4735
 5235
 6653
 5287
 2448
 6380
 9754
  596
 7507
 4745
 8844
 3088
 8997
 1946
 5737
 8898
 1054
 8015
 8490
 3877
 7805
 5634
 7570
 9073
 6250
 3593
 9289
 9192
 5532
 9661
 5477
 1474
 7513
 1055
 8111
 1668
 1856
 8731
 8104
 3055
 7118
 5848
 4187
 2225
 6623
 4669
   74
 5139
 9722
 6066
 4162
 5849
 7673
 5748
 2732
 7751
 7996
 4759
 9236
 3858
 6386
 6933
 2211
 5406
 6710
 9185
 1903
 1892
  725
 4006
 9686
 1875
 7115
 5865
 7945
 6634
 5189
  483
 8100
  606
 3264
 5859
  108
 6914
 6706
 1183
 4296
 9308
 1019
 8291
 6475
 2541
 7495
 5438
 4518
 2357
 3340
 8579
  465
 5080
 2074
 3338
  869
 9483
 5814
 3441
 4621
  345
 5803
 4887
  928
 6177
 9609
 6480
 8001
 2483
  253
 1218
 8153
 1545
 5354
 8172
 8436
 5766
 3712
 8041
 5536
 2278
 3867
 2595
 5185
 5553
 2924
 2872
  509
 4660
 9560
 3747
 8284
 6427
 9066
 2941
 7550
 8684
 2382
  890
 5614
 5569
 6550
 7497
 9372
 4051
  212
 7615
  622
 9224
 2075
 9466
 7380
  614
 1011
 2164
 5129
 9469
 6992
 3188
  923
 6809
 5687
  955
   29
 7696
 1414
 8502
 4406
 6485
 7806
 2524
 3068
  744
 3045
 3218
 8261
 2295
  960
 4102
 7936
 1179
 2081
 7065
 1446
 8223
 8930
 7541
 8545
 3732
 3123
 4429
 5714
 2736
 3409
 2759
 3525
 5111
 3533
 6966
 1940
 2731
 1433
 4174
 7772
  900
 5779
 2955
 7230
 8622
 7131
 2523
 8807
 7212
 7445
 2584
 1173
 4850
 5698
  142
  369
 7814
  141
  962
 5780
 5841
 3907
 5728
 2631
 2441
 6604
 3404
 9263
 7483
 2563
 6165
 7433
 1741
 9256
 9963
 5498
 1905
 4318
 4405
  467
 1627
 1465
 9202
 7210
 8594
 2127
 5657
 8234
 5097
 3787
 7929
 9129
 1924
 7389
 1184
 5031
 2205
 7028
 7826
 9811
 8567
 5324
 5593
 3901
  292
 8355
 8137
 7623
 6967
 1335
 9449
 8749
 7201
 9016
 1522
 9559
 1336
 6630
 4576
 5283
 5732
 1387
 9156
 1914
 5254
 2085
  269
 8077
  486
 9445
 1050
 5888
 1709
 4413
 8848
 2300
 4616
 4184
 6556
 6342
 2322
 8743
 7955
 8673
 7639
 6515
 3800
 4027
 3234
 4855
 9759
  468
 4395
 5453
 7234
 5062
  642
 5210
 6440
 9000
 7049
 3310
 4909
 9880
 2362
 1091
  469
 1213
 6155
 9460
 5176
 7932
 7409
 9603
 9441
 6476
 1827
 1485
 4221
 6125
 6330
  716
 7253
 3356
 8440
 7485
 9934
 3220
 5194
 7424
 4728
 2297
 2316
  913
 7881
 6676
 8945
  171
 2303
 5963
  111
 3797
 2397
 1885
 5573
 7710
 6197
 1318
 2116
 5866
 3960
 8798
 1818
 8202
 7657
 6355
 3758
 3927
 2198
 7994
  793
 5891
 2994
 2969
 4182
 3728
 2284
 7538
 7120
 9472
 6688
 3993
 4340
 1571
 2253
 4246
 2305
 6502
 5985
 5955
 8241
 3694
 7489
 8027
  667
 7733
 3878
 3851
 4208
 1242
 7862
 2147
 6643
 5259
 3122
 3898
 6959
 8401
 6504
 6361
 9101
 3332
 7503
 9904
 5977
 7599
 1698
 3686
 3950
 3825
 4606
 9898
 6031
 4089
 3162
 2124
 4053
 8215
 4630
 9063
 1312
 6915
 1772
 9769
 3842
 7351
 3840
 4985
 3148
 8866
 6531
 4791
 5112
 9446
 3359
 1883
 9099
  277
 6508
 2932
 8903
 1544
 8230
 6050
 3493
 3883
 8442
 9955
 9258
 4113
 8010
 4918
  934
 1409
 7527
 5408
 7427
 7770
 6862
  857
 5897
 4645
 2848
 2518
 9977
 7583
 2684
    5
 6669
 9799
 3296
 6131
 9709
 3164
 3401
 2020
  249
 5348
 6236
 1117
 9999
 5341
 8433
 2995
 8470
 9227
 4696
 7246
 2553
 8629
 7780
 5590
 6147
 4626
 4633
 1160
 9125
 6161
 6506
 4765
 3066
 4082
 6916
 4274
 1324
 6587
 2361
 2066
 6759
 4190
 6088
  331
 6113
 7735
 2655
 8028
 2756
 8546
 4629
 7180
 1601
 2072
 7944
 9679
 3043
 2104
 4769
 9097
 4564
 5686
 7643
  632
 2626
 8993
 1430
 6762
 5078
 2108
 1114
 8329
 5075
 4421
 3427
 3256
 3668
 7273
 3579
 3681
 4708
 6184
  479
 6081
 4034
 7633
 4821
 7738
 7076
 5756
 7250
 8499
 1746
 3230
 3437
 9136
 6350
 7364
  240
 4695
 5691
 5717
 5981
 7613
 4748
 5768
 6838
 6227
 7561
 5784
 5664
 5611
 6096
 4143
 5806
 4686
 4372
 9371
 2172
 1467
  652
 8871
 3475
 2157
 3613
 2961
 5933
 1942
 2238
 3149
 4969
  635
 8096
 5245
 6752
 4138
  751
 9367
 7526
   72
 7748
 8689
 2141
 7681
 1406
 7486
  823
  316
 2507
  361
 6478
 4803
 7787
 2131
 4094
 9631
  698
 1072
 6049
 3214
 2682
 8992
 9131
 5083
 4922
 6737
 1790
 5903
 1390
 4627
 6948
 7960
 3086
 2744
 6629
  558
 8833
 2771
 5934
 1901
 8132
 5694
 2463
 6517
 4893
 2092
  365
 3685
 4505
  628
 5847
 2805
  792
 3098
 7637
 1995
   28
 3065
 1669
 6102
 2934
 5839
  337
 6609
 1628
 4797
 6284
 4373
  164
 5906
 4289
 7949
 7423
 8385
 5003
 5533
  444
 4330
 8260
 5325
 2431
 6287
 3094
 3096
 6746
 3047
 7980
  589
 9506
 4703
 7130
 2521
 2374
  584
 1297
 6451
 1373
 1249
 7998
 5621
 3924
 2806
 4665
 7551
 7151
 5019
 1175
 3748
 2096
  689
 1533
 9329
 4491
 3357
 8892
 7992
 7439
 6068
  280
 4203
 4278
 1788
 5819
 7149
 4193
 4760
 1525
 5382
 8017
 1475
 3040
  983
 4474
  186
 7336
 1084
 9413
 4605
 3947
 4625
 2789
 2309
 6859
 3488
 6037
 5709
 7741
 6065
 2691
 9806
 1973
 8910
 2042
 6382
 5029
 3781
 4277
 7307
 1330
 3620
 9428
  279
 3262
 9336
 2692
 1739
 5707
 8293
 8878
 8330
 2957
 1022
 1411
 3534
 7656
  514
 5298
 3915
 4611
 9072
 3451
 8281
 3988
 7608
 7559
 9098
 2136
 8477
 8551
   51
 1647
 1428
 4545
 8715
 6162
 1458
 3419
 1636
  311
 4762
 8268
 4741
 9860
 8861
 1363
 4227
 8901
 5610
 4623
 5916
 7101
 2383
 7482
 1120
 5701
 3853
 5182
 8413
 9856
  797
 2339
 7249
 7293
 8057
 7923
 5662
  474
 1874
  803
 3813
  112
 1478
 7866
 8406
 4418
 3860
 7451
 3201
 3140
 3891
 8159
 6281
 4316
 9418
 4169
 9650
 9565
 9929
 4295
 9909
 7985
 4432
 1051
 1610
 7973
 1393
 1074
 3824
 5917
 7726
 1272
 5781
 7488
  824
  246
 5630
 3204
 5126
 7002
 7113
 7346
 2625
 9146
 4329
 3350
 9723
 5896
 8212
  367
 4514
 3444
 1044
 4191
  588
 9695
 9471
 6104
  868
 7129
 3754
 5270
 3211
 2174
 6463
 1653
   50
 5639
 9392
 4334
 8925
 1288
 9590
 9022
 1515
 7502
 2252
 2656
 9032
 4727
 8612
 7846
 2716
 3353
 9144
 1008
 8521
 9976
 9334
  671
  214
 6374
 7333
 9196
 3570
 6282
 9310
 6865
 3398
 5304
 8465
 2774
 7516
 2001
 8197
 2456
 7730
 8312
 4189
 7041
 5282
 8806
 9836
 1151
 7694
 6963
 1844
 1829
 1953
 6313
 5386
 6141
 6359
 3395
 8675
 3592
 9636
 1076
 9195
 5136
 3785
 1787
 7705
 8617
 7547
 8736
 9463
 4218
  232
 3109
 8232
 9536
 7809
 8073
  677
 9105
 2531
 6257
 1794
 3946
 7889
 9062
 3180
 4978
 4905
 5054
 3622
 1138
 3091
 4359
 1346
 4202
 4259
 6753
  305
  347
 4175
  799
 9835
 9900
 1461
 6153
 3702
 5499
 6650
 1607
 6595
 7320
 8407
 3683
 5880
 6026
 9718
 8466
 6103
 8696
 8966
 3856
 5606
 4553
 7518
 4250
 7344
 4539
 5815
 8939
 5637
 3445
 5683
 3207
 4049
 7284
  631
 3975
 6412
 8638
 4730
 5549
 3025
 8196
  961
 6397
  252
  578
 1417
 2918
 3387
 2505
 1437
 6775
 1282
 1004
 3115
 7993
 8143
 4215
 4788
 5931
  649
 8929
 6636
 7895
 3487
 4648
  804
 9873
 6064
 8279
 5583
 2946
 6345
 8786
 7967
 6224
 9013
 8535
 2544
 5966
  899
 5969
 7614
 6139
 1367
 2997
 2458
 8735
 1174
  577
 7563
  461
  324
 5799
 6446
 3046
 4999
 2674
 7009
 3318
 5340
 7373
 6097
 1900
 9518
 1182
 6621
 2612
 8839
  816
 7092
  938
 4467
  447
 8742
 7021
 8708
 2896
 5156
 3112
  559
 1804
 9775
 1442
 3734
 4050
 5623
   80
 4361
 9656
 5002
 9238
 5995
 5551
 1298
 4867
 1993
 7651
 8195
 9980
 6194
 4962
 6731
 7897
 3410
 9942
 7739
 4264
 9210
 7339
 6245
 2892
 9014
 4074
 1878
 8327
 1799
 6667
 9050
 1185
 6585
   96
 1034
 3346
 9569
 2408
   11
 4237
 1619
 9546
 7357
 7984
 8508
 7166
 2917
 8155
  931
 7138
 8814
 4830
 9682
 2190
 8131
 4704
 7407
 5512
 5087
 2671
  694
 1675
 3083
 8541
 4122
 5086
 7905
 1408
  225
 6697
 2860
 5256
  994
 2063
 5236
 9214
 6061
 9370
 6853
 5079
 9419
 7478
 2073
 5432
 6846
 4603
 9121
  437
 1894
 1233
 3580
  895
 8831
 4976
 4244
 6659
 4872
  560
 8123
 1839
 5415
 7374
 1538
 5360
 5032
 7887
 2737
 2920
 1268
  429
 4424
 1623
 4941
 3875
 7745
  296
 5238
 1105
 3776
 8979
 2010
 6166
 4180
 4285
 2090
 6529
 2285
 3995
 4158
 5898
 6903
 5320
 3503
 1195
 4622
  299
 3528
 7660
 3210
 4362
  626
 1457
 3628
  322
 9137
 9587
 2241
 7674
 4434
 7758
 1834
 7884
 8840
 4302
 7757
 4646
 4917
 4925
 9850
 5947
 2747
 4344
 3750
 9989
 4086
 8685
   81
 3303
 9109
 4370
 7356
 9503
 8248
 3783
 7609
 3111
 2600
 1049
 8794
 8141
 1296
  376
 6538
 9074
 1496
  569
 8136
  581
 8949
 4449
 6984
 3983
 5937
 6172
 6744
 9692
 1041
 1464
 3816
 2653
 9338
 5443
 8133
 5711
  730
 7437
 4924
 9789
 7462
 5441
 5196
 1731
  616
  213
 4511
 2646
 2931
 1248
 4993
 9892
 6991
 2304
 7857
 8462
 9715
 4332
 8597
 1563
 8911
 8547
 5326
 9936
 3481
 9008
 3076
 6150
 5064
 3363
 9181
  920
 8180
 4714
 6996
 5936
 9331
 2099
 9539
 1824
 8434
 1493
  430
 9820
  833
 1023
 4243
 1879
 7958
 2752
 3616
 2511
 1434
 1644
 9995
 8874
 8157
 4885
 8316
 9706
 1882
  946
 9867
 2944
   55
 1256
 2261
 1215
  549
 3032
  583
 3146
  637
 9276
 1560
 3576
  580
 1418
 3849
 3016
 5319
 4401
 7999
 7186
 6725
 8681
 1676
 2385
 6548
 7080
 1186
 3166
 7977
 4048
 3944
 8626
 2979
 7358
 6360
 8427
 3513
 2520
 4160
 2819
 9829
 2802
 2567
 8822
 5882
 3572
  782
 9030
 7299
 2179
 1059
 6373
 4047
  661
 1624
 3736
   25
 7252
 3102
 1642
  251
 3175
 2604
 6682
 2578
 3349
 9525
 7105
 6280
 1841
 8276
 3490
 9652
 8625
 4508
 5421
 2040
 1706
  303
 4268
 5106
 4736
 8761
 3064
 3277
 4206
 6909
 6840
 5186
   12
 2547
 4085
  113
 9765
 3186
 5345
 4226
 3152
 3069
 9653
 3916
 5323
 9154
 5738
 3222
 4398
 5450
  762
 8124
  123
 5628
 2057
 2693
  416
 4673
  450
 1796
 8575
 9770
 9959
 4537
 2488
 9393
 1130
 1214
 3402
 3268
 9027
 8576
 8678
 7337
 3626
 6625
  103
 6156
 4794
 7524
 4327
 4217
 1349
 7951
 4966
 6179
 9996
 3985
 7387
  371
 5548
 5723
 2208
 5394
 1857
 2268
 3564
 4475
 5342
 4479
 5398
 3667
 6665
 4001
 1782
 5488
 4754
 8514
 3145
 1656
 8846
 6348
 9191
 2986
 8116
 9162
 3958
 4798
 3876
 6769
 8344
 7309
 2209
 7072
  759
 7711
 2233
 5216
 3059
 2713
 9992
 4504
 2348
 2959
 1735
 4757
 5889
 8525
 9237
  893
 4677
 2835
 5899
 2056
 9911
 5980
 7605
 8082
 5631
 9208
 4399
 3042
 7567
 3827
 3735
 3190
 5924
 8118
 9730
 7702
 3509
 7370
 3569
 5447
 1037
 9982
 6807
 3038
 7878
 9213
 7133
  320
  304
   47
 3612
 8905
 2318
 9476
 3031
 9342
 4601
 8552
 6137
 5875
 9324
 2182
 1629
  503
 6015
 9944
 6798
 5463
 7034
 8459
 2786
 3302
 8059
 6795
   44
 8784
 1082
 6279
 2830
 6632
 3651
 6748
 1352
 3951
 7135
 4195
 6063
 4876
 3645
 2630
  991
 8753
 4266
 6128
 4201
 1520
 8326
 2749
 6242
  999
 3913
 4886
 7017
 5954
 7717
 2043
 9863
 6178
 5801
  664
 6169
  409
 7199
 8190
 4459
  539
 5218
 8984
 7363
 6546
 8277
 4192
 6520
 7082
 1679
 8093
 6979
 3348
 1205
   40
  512
 9316
 8860
 7763
 8556
 2622
 5163
 4446
  527
 7413
 4767
 8058
 5510
  813
 9526
 8565
 2149
  433
 5887
 2552
 3687
 8863
 1657
  488
 7811
 9489
 8890
 1633
 6045
 2846
 5143
  154
 3352
  525
  737
 3917
 1199
 4097
 2094
 8056
 3688
 1372
 2144
 9678
  491
 6259
 2202
 5426
 8897
 9184
  911
 2514
 3160
 8243
 9951
 8036
 4033
 3692
 4161
 2983
 4795
 1838
 4357
 1826
 8785
 9777
 1990
 7569
 6263
 7327
 3910
 8907
 7089
 7947
  264
 1969
 1487
 3484
 6233
  691
 6582
 6208
 3942
 1626
 5439
 7851
 9095
 9209
 3417
  851
  953
 8537
 7311
 3468
 7127
 6413
 9818
 5663
 8682
 8603
 7247
 6134
 2740
 5367
 5229
 6526
 6610
 4136
 5489
 4720
 9501
 6822
  556
 7109
 8046
 4054
  904
 8679
 3814
 1197
 8319
  985
 2527
 7677
 2269
 2645
 7744
 3030
 6105
 8875
 6790
 2246
 7224
 8218
 9509
  259
 2649
 4044
 6008
  343
 5310
  301
 2107
 4589
 7404
 8040
 1955
 2079
  775
 5668
 2493
 7197
  403
 3266
 4170
  697
 3984
 6439
 5689
 3979
  655
 7707
 1281
 3510
 9876
 8249
 9905
 3491
 6398
  827
  396
 9931
 6640
 6460
  636
 1535
 3640
 1449
 4087
 3998
 3578
  777
 8981
 2880
 3495
 9253
 8258
 2608
 7573
 7055
 5932
 3805
 9211
  312
 4156
 3794
 9292
 9945
 3757
 6215
 4880
 8145
 6928
 5172
 5529
 5449
  618
 1590
 6140
 2728
  678
 8023
 6832
 4997
 8119
   43
 9912
 3703
 6695
 8421
 6159
 4541
 9157
 1303
 2546
 7953
 5928
 8782
 3405
 6479
 6527
 2215
 1193
 8250
 5652
 6401
 5157
 3436
 9323
 9521
 6151
  178
 5842
 3281
 5710
 6522
 1471
 3659
 2971
 1422
 4929
 6200
 4178
 8569
 2354
 8832
 3307
  555
 1451
 5820
 3473
 5753
 1188
 4163
 3911
  766
 7393
 4778
 1181
  971
  828
 7297
 6564
 2857
  169
 9386
 3331
 3478
 7875
 5350
 7143
 1042
 7474
 9085
 3812
 9902
  499
 1024
 2029
 8011
  114
 9645
 3341
 4534
 1597
 6354
 2558
 1159
 6904
 5939
 8730
 3413
 4615
 4516
 7282
 6855
   94
  179
 6735
 9443
 2344
 1376
 1694
 1077
 9875
  701
 5271
 7368
 2559
 9130
 6067
 3469
 5366
 2106
  837
 4052
 2212
 6863
 4980
 5378
 7588
  274
 5853
 7784
  761
 9925
 8714
 3658
 3920
 9676
 6727
  218
  981
 8562
 9448
 4502
 7317
 4916
 9813
 9442
 6085
 3339
 9357
 1855
 7903
 5680
 8856
 7025
 7196
 1006
 4899
 3966
 7650
 2244
 1594
 3071
 8922
  445
 5986
 2976
 3435
 4225
 2763
 9930
  810
 9484
 4308
 1918
 6591
 9907
 8097
  774
 3965
 2748
 4275
 9886
 1546
 8062
  872
 6679
 3537
 6937
 3731
 7558
 9784
 4526
 9667
 8347
 3014
 2598
 4658
 4453
  435
 3972
 8662
 6503
 3690
 8200
 7684
 6641
 2658
 1078
 2334
 4248
 2321
 8455
 9415
 8729
 8191
 6950
 1443
 8184
  413
 4096
  537
 3864
 5973
 3114
 3193
 4829
 7631
 5234
 6358
 2734
 4771
  746
  930
 1703
 2510
 3941
 2702
 3058
  683
 8066
 1891
 8723
 5248
 8468
 7692
  785
 1261
 6845
 5264
 4084
 3705
 4717
 6869
 7298
 5544
 5464
 2710
 1835
 2380
 2564
 6393
  265
 7812
 7024
  105
 5150
 2894
 9350
 4183
 8412
 2984
 5565
 5060
 4458
 8757
 7785
 1246
 5700
 2640
 9932
 7840
 9607
 1662
 3376
 4273
 7699
   17
  832
 8926
 3524
 9235
 9654
 6852
 7970
 8275
 9647
 2123
 4292
   56
 6230
 6126
 5091
 4353
 5967
 9332
 7640
 3485
 9670
 5215
  104
 9001
 4258
 7690
 9703
 7405
 6426
 5177
  121
  464
  261
 3618
 2264
 1190
 5161
 8032
 4777
 4380
 7155
 9497
 1722
 6778
  107
 4820
 7815
 7033
 7948
  260
  119
 4988
 1421
 1646
 8615
 3382
 5289
 3850
 9378
 9103
  659
 3729
 1301
 9800
 8560
 1223
 6905
 4689
 4832
 5153
 3279
 3232
 5045
 1771
 5834
 2826
 3202
 2169
  321
 9575
 5175
 3562
 7136
 3006
 2589
  894
 7469
 5870
 2562
 1492
 4342
  702
 9138
 9084
 9353
 7410
 6642
 2586
 9956
 4854
 3432
 3369
 4166
 4487
 2842
  916
 1526
 7823
 7952
 5379
 1040
 9215
 5677
 3968
 7990
 7904
 8078
 9635
 2847
 7280
 8646
 8303
 9260
 7104
 8775
 4935
 6075
 1361
 8487
 9512
 5334
 6436
 2193
 7876
 1686
 2809
 2770
  927
 3489
 4776
 5374
 4016
 5322
 8121
 8497
 6792
 2560
 9724
 6267
 7050
 4435
 5892
 5856
 6240
 6876
 3857
 2291
  395
  864
  288
 2009
 4764
 2038
 4910
 9190
 3194
   36
 2497
 3255
 2727
 8802
 3424
 8957
 7081
 2186
 1842
 1236
 4442
  366
 8720
 7171
 8168
 7324
  695
 6472
 2720
 5295
 5403
 6335
 5599
 6487
 8954
 9511
 5204
 9749
  663
 2476
 8420
 8271
 4683
 6211
 5404
 7529
 9665
 4845
 4641
 5442
 4738
 8799
 9437
 2459
 7077
 7916
  432
 2257
 6017
 5055
 7959
 3476
 9891
 7496
 9479
 7013
  548
  726
 8637
 2832
 1065
 7435
 3561
 8481
 3540
 4165
 1358
 2239
 2030
 3223
 9141
 1655
 5767
 9746
 6486
 4523
 1764
 3973
 5770
 1889
  380
 3991
 6074
 7450
 9897
 6873
 1719
 3177
 7150
 6791
 8324
 2438
 1602
 5949
 6493
 2901
 9761
 8031
  844
  944
 4566
 2725
 6331
 9613
   22
 1217
 8209
 9149
 6241
 3283
  431
 4478
 3372
 6893
 6013
 1291
 1048
 4114
 3987
 9018
 8245
 5146
 5925
 2080
 6944
 4510
 3762
  867
 6070
 1480
 7207
 6847
 9045
 5808
 5412
 6490
 4737
 4106
 1812
 3132
 7927
 5178
 6307
 2178
 4072
 4030
 6366
 1854
  963
 6939
 3871
 4800
 5422
 7195
 6418
 7274
 3821
   45
 3550
 7963
 7177
  721
  268
 6616
 4609
 8247
 9219
 8683
 6980
 4908
 1125
 2076
 3751
 7523
 6878
  951
 1155
 3465
 6553
  177
 6694
 3062
 6866
 6861
 6739
 8188
 3724
  644
  729
 2844
 8956
 1176
  286
 9429
 7911
 1382
 8371
 6507
 8534
 8448
 2534
 5818
 6813
 7625
 5478
 2911
 1137
  624
 5823
 4844
 3708
 1725
  647
 1991
 6491
 8577
 8747
 7300
 5471
 6237
 3928
 2717
 6946
 5397
 3380
 8536
 8267
 5720
 7079
 2011
 8763
  238
 3205
 9774
 4522
 9411
 5618
 2091
 8185
 5084
 9677
 4618
  184
 6837
 4642
 5005
 3594
 4299
 8225
 9538
 9261
 9584
 3819
 5465
 6943
 2298
 8358
 3763
  318
 8253
 9352
 7629
  625
 2496
 3962
 8064
 1401
 2726
 3170
 1907
 4624
 9285
  129
 5327
 2776
 8382
 8203
 1241
 4943
 7068
 6574
 5424
 8706
 8183
 4649
 2638
 3519
 2427
 3399
 8859
 2403
 4650
 5346
 9375
   52
 9664
 6495
 6346
 3587
 8698
 3571
 4137
  449
 1730
 1153
 9964
 8812
 6841
 8570
 9953
 8571
 1116
 2203
 6011
 6311
  657
 5258
 2803
 2363
 4495
 4341
 7332
 4841
 9707
 3276
 5192
 9043
 5613
  820
 8813
 7592
 3079
  885
   18
 3311
 4570
 9439
 8278
 1774
 1917
 5777
  424
 4731
 3784
 1550
  650
 1047
 5635
 3591
 4476
 6774
 1630
 7679
  398
 7813
 9311
 4542
  906
 9623
 7714
 6717
 7682
  511
 5138
 1670
 5020
 2829
 6561
 7989
 1135
  307
 9588
 7646
 7213
 1605
 6683
 5653
 5918
 8899
 2341
 3709
 3621
 5912
 2636
 8663
 6661
 8489
 3238
 3344
 9089
 5550
 4753
 8007
 1366
 2484
 6384
 5735
 1760
 6935
 4287
 3627
 6768
 6906
 8884
 2594
 1570
 5221
 5445
 5843
 9293
 6043
  621
  203
 8640
  873
 1769
 5800
 3351
 1302
 6849
 9938
 4472
 3406
 4635
 3521
 9869
 3923
 5459
  302
 5636
 1833
 4133
 1017
 5746
 8220
 8404
 2055
 8845
 5733
 7226
 3337
 3461
 8643
 6637
 2069
 2112
  749
 7063
 7844
 2437
 4702
 5069
 2405
 9242
 9070
 7421
 3420
 7683
 4381
 1167
 4290
 9782
 6922
 2956
 9752
 4485
 7769
 3711
 3834
 8128
 1378
 1438
 3390
 4874
 3925
 5311
 7306
 5071
 7548
 2824
 7940
 9279
 7983
  685
 7114
 7915
 3894
 4967
 4493
 6016
  809
 4416
 4837
 6095
 1649
 9548
  504
 7037
 8519
 4869
 9736
 2140
 9201
 9273
 6481
 3294
 1910
 4371
 5030
 4204
 7194
 5065
 3315
 6976
 7883
 9594
 5693
 2974
 7137
 8523
 9641
 7241
 2708
 3589
 9241
 2856
 2687
    6
 2498
 6164
 9994
 8917
 9894
 5461
 2132
 4934
 3007
 3081
   31
 9369
 3852
 2435
 6195
 7217
 4139
 1577
 6454
 6912
 5644
 4638
 9151
 1337
 4103
 8428
 5317
 9849
  681
 2902
 8946
 1614
 1016
  752
 1161
 9006
 7783
 1483
 5470
 3902
 5028
 1333
 4817
 4705
 4229
 3745
 6029
 2900
 1530
 9946
 4815
 2532
 7939
 2816
 9478
 7653
 6041
 6598
 3532
 5747
 9841
 3008
 2294
  950
 7098
 1666
 6010
 1695
   21
 7248
 4366
 1499
 8969
 9457
 4676
 5053
 2393
 2849
 2715
  377
 1342
 8176
 2772
 2873
 1699
 2750
 4232
 5312
 7709
 8728
 7173
 5292
 8657
 3198
  462
 6268
 9632
 8527
 5416
 9504
 8688
 9888
 8246
 3986
 6796
 6729
 2171
 5392
 8511
 6262
 4707
 1906
 7030
  917
 9969
 8467
 2916
 6901
 3671
 1632
 7242
  136
 6924
 6945
 6285
 7800
 6777
 6341
 3342
 9344
 6698
 7366
 9283
 3952
 3780
 5103
 2960
 3159
 9407
 6586
  147
 7359
 4179
 8423
 8333
 5158
 8533
 2800
 8309
 5044
 5193
 3004
 6027
 5935
 3078
 4597
 3887
 8493
 8475
 4093
 1271
 5793
 9917
 8424
 5894
 1611
 4301
 1919
 4991
 2838
 1039
 8320
 8054
 8691
 5057
 4600
 6827
 4873
 8680
 8717
  645
 7986
 4620
 2220
 1808
 5938
 7788
 2325
 5093
 2101
 8999
 2657
 3235
 9713
 3743
 3035
 1221
   33
 2823
 2661
  219
 2610
 2652
 2852
 2714
 2885
 3224
 3039
 2223
 3654
 6626
 5305
 3868
 8987
 6062
 9197
 7676
 2991
 8994
 2400
 3142
 5858
 8361
 9683
 8217
 2703
 2062
 5736
 2513
 3335
 9725
 8503
 9377
 9422
 5114
 2369
 4902
 2706
 4732
 6367
 8192
  842
 9080
 1617
 2766
 9280
 8049
 8978
  998
 8737
 2113
 4059
 1728
 2047
 6994
 8573
 8645
 9327
 7499
 1786
 9474
 6390
 8843
 8206
 1439
 5904
 5492
 4437
  643
 3619
 9230
 4294
 3954
 7269
 1146
 6733
 4293
 5214
 9100
 4846
 4157
 5361
 2729
 6821
 6453
 9177
 6726
 8335
 7934
 5827
 2013
 8430
 5018
 1762
 6488
 9170
 8388
 6773
 2642
 6703
 6569
 5867
  166
  428
 5440
 9582
 8266
 7341
 8937
 8823
 6800
 5130
 9595
 2290
 1426
 8060
   58
 4129
 3934
 3316
 7441
 2529
 2319
 4687
 5276
 8226
 6584
  849
 8292
 5389
 4375
 9916
 5940
 1198
 6077
 5468
 9039
 7540
  660
 5676
 3822
 5352
 7468
 5965
 7289
 3698
 5696
 5165
  278
 2779
 6223
 7163
 7664
  921
 1095
 6073
 1466
 4858
 4040
 5846
 6365
 1237
 4584
 1142
 8762
  731
 3125
 9727
 1789
 9596
 3479
 5603
 4255
 4848
 1664
 5315
 7322
 4307
 6005
 9035
 3633
 5881
 7056
 4984
 9421
   32
 5008
  619
 1127
 9114
 4743
 2447
  982
 3400
 3500
 8705
 5191
 2621
 3772
 5370
 9862
    2
 1447
 5731
 1079
 8604
 3462
 9625
 1280
 6709
 9402
 7330
  116
 3426
 3448
 8135
 4356
  576
 3982
 7035
 5457
  929
 1479
 9373
 4656
 2329
 7036
 8075
 4549
 4839
 8977
 9233
 9961
 5797
 7746
 7420
 7794
 5174
 9885
 1863
 4782
   64
 7855
 9680
 8818
 9991
 3136
 7452
 7208
 8177
  310
 1542
 1562
 7472
 8746
 7228
 8745
 5688
 3209
 9291
 2194
   68
 5620
 5401
 6563
 7244
 5873
 8738
 6332
  800
 4019
 2503
 6109
  342
 7170
 6730
 5612
 5526
 5141
 5909
 4008
 3196
 8976
 1220
 8834
 8891
 5277
  579
 6603
 5915
 2539
 1710
 1334
 8450
 8655
 5096
 1133
 8687
  328
 1861
 3393
 3929
 8452
 1852
 2118
 4007
 9529
 5996
  594
 8928
  496
 1400
  905
 8664
 7997
 4073
  611
 1996
 6702
 1222
 7935
 1744
 4219
 1262
 3918
 6965
 6740
 7925
 5961
   35
 5237
 4241
 3545
 9168
 8265
 4945
 3879
 5629
 1871
 3464
 9104
 2795
 5528
 1351
 8199
 8607
 2462
 7074
 9395
  524
 6235
 7027
 8449
 8855
 3169
 2502
 7798
 6722
  881
 6555
 7122
 9720
  418
 8918
 1641
 1380
 3172
 3976
 8187
  795
 5764
 3914
 4860
 7755
 5850
 2845
  181
 3080
 6484
 2372
 4971
 9268
 8151
 9717
 4123
 4710
 2475
 9879
 7574
 8921
 4363
 4939
 2680
 4018
 4949
 7768
 7281
 6784
  340
 4698
 8395
 4376
 1235
 8422
 9753
 3425
 7604
  190
 3161
 6336
  778
 4636
 3977
 2936
  612
   20
  741
 5405
  523
 4388
  411
 8649
 6044
 2490
 9295
 4234
 9790
 8397
 3584
  375
 6511
 7775
 7189
 1967
 2814
 9044
 3199
  493
 5669
 4461
 6968
  705
 6461
 5540
  458
 6228
 4675
 6956
 5943
 7873
 8210
 4077
 4826
 8239
 9738
 8842
 8853
 4724
 4700
 5038
 2780
 8779
 1255
 7141
 2168
  607
  195
 5871
 3518
 9988
 6080
 7384
 5584
 4210
 7159
 3286
 3386
 4607
 5133
 9542
 6765
 3833
 3789
 1573
 1700
 8517
 5655
 5164
 2310
 8109
 5349
 2346
 9083
 4110
 7198
 6662
  609
 3423
 1482
  263
 3127
 9957
  101
 3254
 6651
 3005
 8332
 8618
  791
 7841
 1821
 3945
 5506
 2248
 2668
 3106
 1326
 1795
 4430
 6275
  476
 2025
 9847
  779
 7010
 8416
 6501
 5774
 5992
 2342
 3652
 5373
  378
 6059
 9517
 1507
 5473
 9812
 8443
  922
 4744
 7354
 2313
 3684
 3041
 9444
  696
 5761
 9697
 7610
 3900
 9120
 3133
 4152
 9502
 1104
 9262
 8492
 1925
 8595
 3994
 6783
 7042
 3212
 9733
 5484
 2515
 7348
 6019
 7153
 2326
 7781
 4974
 6749
 7774
 7670
 8126
 7585
 5288
 4389
 5535
 6757
 1713
 8337
 7712
 2623
 2535
 5558
 2632
 7725
 5863
 9658
  236
 6780
 9726
 1944
 7229
 8947
 3265
   75
 5275
 5024
  110
 1321
 2699
 2999
 6613
 4884
 7628
 3967
 8857
 5758
 8902
 8255
 3870
 7668
 7666
 2869
 8692
 4455
 4515
 6302
 1937
  373
 9618
 3536
 7618
 6249
 3482
 5207
 4004
 9053
 1278
 4742
 4425
 3706
 4986
 8791
 1939
 2807
 3889
 5227
 7428
 2422
 1381
 2950
 6434
 1270
 5750
 8112
 5574
 5411
 4127
 5651
 7597
 8789
 6923
 1960
 1154
 7205
 2963
 8964
 6974
 3795
 9110
 3595
  853
 2875
 2884
 2635
 8724
 5704
 1890
 5860
  294
 7204
 3544
 1511
 7343
 4577
 7096
 8627
 6537
 2561
 3679
 7566
 5181
 5541
 6568
 7773
 3656
 3442
 8354
 5872
 6455
 6321
 1385
  245
  498
 5868
 2773
 1322
 7776
 7860
 5895
 2615
 8836
 9833
 1429
 1032
 7669
 6196
 9038
 6170
 4223
 7169
 6032
 1537
 5782
 1684
 9232
 2308
 3886
 4670
  638
 5563
 6437
 6588
 9226
 8447
 2784
 2516
 4118
 6973
 6645
 5519
 7164
 9965
 7861
 8025
 7075
 2021
 1362
   42
 6890
 2536
 3642
 3229
 7218
 2876
 3312
 8020
 3271
 7254
 2166
 6670
 9142
 4325
 7981
  692
 7700
  557
 5014
  352
 9186
 3304
 1770
 3739
 1524
 3090
 6296
 3630
 3324
 1721
 2888
 7456
 5417
 4058
 9376
 6524
 5338
 8500
  970
 3396
 2581
 6799
  109
 2077
  167
 2494
 6124
 4554
 2345
 4774
 8018
 1988
  600
 7085
 9851
 2442
 7645
  206